%%MatrixMarket matrix coordinate real general
50 20 250                                         
1 1 1
1 2 1
1 3 1
1 4 1
1 5 1
2 3 1
2 5 1
2 6 1
2 7 1
2 8 1
3 5 1
3 6 1
3 9 1
3 10 1
3 11 1
4 6 1
4 9 1
4 11 1
4 12 1
4 13 1
5 1 1
5 3 1
5 10 1
5 12 1
5 14 1
6 2 1
6 8 1
6 12 1
6 14 1
6 15 1
7 3 1
7 10 1
7 12 1
7 13 1
7 16 1
8 4 1
8 13 1
8 15 1
8 17 1
8 18 1
9 1 1
9 2 1
9 4 1
9 6 1
9 19 1
10 3 1
10 5 1
10 7 1
10 8 1
10 16 1
11 3 1
11 9 1
11 15 1
11 16 1
11 18 1
12 2 1
12 5 1
12 6 1
12 13 1
12 18 1
13 3 1
13 8 1
13 13 1
13 18 1
13 20 1
14 2 1
14 8 1
14 14 1
14 15 1
14 19 1
15 2 1
15 3 1
15 4 1
15 6 1
15 15 1
16 2 1
16 9 1
16 16 1
16 17 1
16 20 1
17 2 1
17 9 1
17 10 1
17 11 1
17 12 1
18 1 1
18 3 1
18 8 1
18 11 1
18 15 1
19 1 1
19 5 1
19 13 1
19 16 1
19 18 1
20 2 1
20 4 1
20 10 1
20 11 1
20 19 1
21 4 1
21 8 1
21 9 1
21 12 1
21 15 1
22 3 1
22 12 1
22 18 1
22 19 1
22 20 1
23 3 1
23 4 1
23 6 1
23 10 1
23 16 1
24 9 1
24 12 1
24 13 1
24 15 1
24 16 1
25 7 1
25 11 1
25 12 1
25 17 1
25 19 1
26 1 1
26 2 1
26 5 1
26 10 1
26 20 1
27 2 1
27 7 1
27 10 1
27 12 1
27 19 1
28 6 1
28 7 1
28 8 1
28 14 1
28 15 1
29 2 1
29 3 1
29 12 1
29 19 1
29 20 1
30 3 1
30 5 1
30 6 1
30 7 1
30 17 1
31 2 1
31 5 1
31 14 1
31 18 1
31 20 1
32 2 1
32 6 1
32 9 1
32 10 1
32 20 1
33 2 1
33 4 1
33 5 1
33 13 1
33 19 1
34 1 1
34 2 1
34 9 1
34 15 1
34 17 1
35 3 1
35 8 1
35 11 1
35 15 1
35 20 1
36 5 1
36 10 1
36 12 1
36 15 1
36 20 1
37 4 1
37 13 1
37 15 1
37 18 1
37 20 1
38 3 1
38 7 1
38 10 1
38 19 1
38 20 1
39 2 1
39 5 1
39 6 1
39 9 1
39 17 1
40 1 1
40 7 1
40 9 1
40 10 1
40 14 1
41 3 1
41 4 1
41 12 1
41 13 1
41 16 1
42 2 1
42 4 1
42 9 1
42 15 1
42 16 1
43 1 1
43 5 1
43 14 1
43 16 1
43 18 1
44 3 1
44 4 1
44 6 1
44 13 1
44 17 1
45 3 1
45 7 1
45 13 1
45 18 1
45 20 1
46 8 1
46 10 1
46 12 1
46 19 1
46 20 1
47 1 1
47 5 1
47 7 1
47 12 1
47 13 1
48 1 1
48 10 1
48 13 1
48 17 1
48 19 1
49 3 1
49 6 1
49 8 1
49 10 1
49 13 1
50 12 1
50 13 1
50 15 1
50 16 1
50 18 1
