%%MatrixMarket matrix coordinate real general
50 209 664                                        
1 1 2
1 2 1
1 3 1
1 4 1
1 5 1
1 6 1
1 7 1
1 8 1
1 9 1
1 10 1
1 11 1
1 12 3
1 13 1
1 14 1
2 1 5
2 10 1
2 12 3
2 15 1
2 16 1
2 17 1
2 18 1
2 19 1
2 20 1
2 21 2
2 22 1
2 23 1
2 24 1
2 25 1
2 26 1
2 27 1
2 28 1
2 29 1
2 30 1
2 31 1
2 32 1
2 33 1
2 34 1
2 35 1
2 36 1
2 37 1
2 38 1
2 39 1
2 40 1
2 41 1
3 1 2
3 2 1
3 3 1
3 4 1
3 6 1
3 7 1
3 9 1
3 11 1
3 12 5
3 13 1
3 14 1
3 21 1
3 42 1
3 43 1
3 44 1
3 45 1
3 46 1
3 47 2
3 48 1
3 49 1
3 50 1
3 51 1
3 52 1
3 53 1
3 54 1
4 29 1
4 55 1
4 56 1
4 57 1
4 58 1
4 59 1
4 60 1
5 10 1
5 12 1
5 22 1
5 24 1
5 27 1
5 51 1
5 61 1
5 62 1
5 63 1
5 64 1
5 65 1
5 66 1
5 67 1
5 68 1
5 69 1
5 70 1
5 71 1
5 72 1
6 3 1
6 9 1
6 12 1
6 73 1
6 74 1
6 75 1
7 5 1
7 8 1
7 10 1
7 12 1
8 1 2
8 2 1
8 3 1
8 4 1
8 6 1
8 7 1
8 9 1
8 11 1
8 12 2
8 13 1
8 14 1
8 76 1
8 77 1
8 78 1
8 79 1
8 80 1
8 81 2
8 82 1
9 12 1
9 41 1
9 83 1
9 84 1
9 85 1
9 86 1
9 87 1
9 88 1
9 89 1
10 1 1
10 12 2
10 22 1
10 24 1
10 26 1
10 27 1
10 36 1
10 40 1
10 89 1
10 90 1
10 91 1
10 92 1
10 93 1
10 94 1
10 95 1
11 12 1
11 25 1
11 29 1
11 52 1
11 55 2
11 57 1
11 58 1
11 60 1
11 96 1
11 97 1
11 98 1
13 1 1
13 3 1
13 9 1
13 12 2
13 49 1
13 74 1
13 75 1
13 76 1
13 81 1
13 99 1
13 100 1
13 101 1
13 102 1
14 1 1
14 12 1
14 28 1
14 41 1
14 49 1
14 83 1
14 84 1
14 85 1
14 86 1
14 87 1
14 88 1
14 89 1
14 103 1
14 104 1
14 105 1
14 106 1
15 1 1
15 28 1
15 49 1
15 103 1
15 104 1
15 105 1
15 106 1
16 1 3
16 10 1
16 12 2
16 15 1
16 16 1
16 17 1
16 21 1
16 26 2
16 27 1
16 40 2
16 45 1
16 49 2
16 52 1
16 53 1
16 89 1
16 105 1
16 107 1
16 108 1
16 109 1
16 110 1
16 111 1
16 112 1
16 113 1
16 114 1
16 115 1
16 116 1
17 3 1
17 9 1
17 12 2
17 25 1
17 29 1
17 52 1
17 55 2
17 57 1
17 58 1
17 60 1
17 73 1
17 74 1
17 75 1
17 96 1
17 97 1
17 98 1
18 1 1
18 12 1
18 15 1
18 16 1
18 17 1
18 21 1
18 32 2
18 34 1
18 40 1
18 88 1
18 101 1
18 111 1
18 116 1
18 117 1
18 118 1
18 119 1
18 120 1
18 121 1
18 122 1
18 123 1
19 1 1
19 10 3
19 12 4
19 25 1
19 52 2
19 57 1
19 67 1
19 97 3
19 124 1
19 125 1
19 126 1
19 127 1
19 128 1
19 129 1
19 130 1
20 1 1
20 12 1
20 22 1
20 24 1
20 30 1
20 52 1
20 58 1
20 80 1
20 131 1
20 132 1
20 133 1
20 134 1
21 1 1
21 12 1
21 22 1
21 24 1
21 30 1
21 52 1
21 58 1
21 80 1
21 131 1
21 132 1
21 133 1
21 134 1
22 3 1
22 9 1
22 10 1
22 12 2
22 22 1
22 24 1
22 51 1
22 66 1
22 67 1
22 73 1
22 74 1
22 75 1
23 1 1
23 12 5
23 37 1
23 54 1
23 131 1
23 134 2
23 135 1
23 136 2
23 137 1
23 138 1
23 139 1
23 140 1
23 141 2
23 142 1
23 143 1
23 144 1
23 145 1
23 146 1
23 147 1
23 148 1
23 149 1
23 150 1
23 151 1
23 152 1
24 12 4
24 22 1
24 24 1
24 30 1
24 45 1
24 54 1
24 67 1
24 119 1
24 134 1
24 140 2
24 141 3
24 150 1
24 152 1
24 153 2
24 154 2
24 155 1
24 156 2
24 157 1
24 158 1
25 1 1
25 10 1
25 12 2
25 22 1
25 24 1
25 57 1
25 67 1
25 97 2
25 106 1
25 125 1
25 126 1
25 128 1
25 129 1
25 159 1
26 1 3
26 10 1
26 12 3
26 15 1
26 16 1
26 17 1
26 21 1
26 22 1
26 24 1
26 26 1
26 40 1
26 53 1
26 57 1
26 67 1
26 97 2
26 106 1
26 108 1
26 110 1
26 115 2
26 116 1
26 125 1
26 126 1
26 128 1
26 129 1
26 159 1
26 160 1
26 161 1
26 162 1
26 163 2
28 12 1
28 22 1
28 24 1
28 36 1
28 40 1
28 116 1
28 122 1
28 164 1
28 165 1
29 1 1
29 10 1
29 12 2
29 22 1
29 24 1
29 57 1
29 67 1
29 97 2
29 106 1
29 125 1
29 126 1
29 128 1
29 129 1
29 159 1
31 3 1
31 5 1
31 8 1
31 9 1
31 10 1
31 12 4
31 24 1
31 25 1
31 54 1
31 131 1
31 134 2
31 136 2
31 137 1
31 138 1
31 140 1
31 141 2
31 142 1
31 143 1
31 146 1
31 150 1
31 152 1
31 166 1
31 167 1
31 168 1
31 169 1
31 170 1
31 171 1
31 172 1
31 173 1
32 3 1
32 9 1
32 26 1
32 41 1
32 50 1
32 85 1
32 100 1
32 115 1
32 166 1
32 174 1
32 175 1
32 176 1
32 177 1
32 178 1
32 179 1
33 3 1
33 9 1
33 12 1
33 74 1
33 75 1
33 76 1
33 81 1
35 10 2
35 12 2
35 22 2
35 24 2
35 41 1
35 51 1
35 57 1
35 66 1
35 67 2
35 85 1
35 100 1
35 143 1
35 175 1
35 176 1
35 180 1
35 181 1
35 182 1
35 183 1
36 10 1
36 12 8
36 22 1
36 24 1
36 25 1
36 30 1
36 43 1
36 45 1
36 51 1
36 52 1
36 54 1
36 67 1
36 104 1
36 105 1
36 119 1
36 134 1
36 140 2
36 141 3
36 150 1
36 152 1
36 153 2
36 154 2
36 155 1
36 156 2
36 157 1
36 158 1
36 184 1
36 185 1
36 186 1
36 187 2
36 188 1
36 189 1
36 190 2
36 191 1
37 12 2
37 26 2
37 110 2
37 111 1
37 192 1
37 193 1
37 194 1
37 195 1
38 1 2
38 2 1
38 3 1
38 4 1
38 6 1
38 7 1
38 9 1
38 11 1
38 12 2
38 13 1
38 14 1
41 1 1
41 12 1
41 26 1
41 27 1
41 90 1
41 94 1
41 95 1
42 1 1
42 29 1
42 48 1
42 51 1
42 102 1
42 157 1
42 169 1
42 177 2
42 196 1
42 197 1
42 198 2
42 199 1
42 200 1
42 201 1
42 202 1
42 203 1
42 204 1
42 205 1
42 206 1
43 12 3
43 25 1
43 101 1
43 118 1
43 121 1
43 122 1
43 185 1
43 186 1
43 187 2
43 189 1
43 190 2
43 191 1
44 12 1
44 26 1
44 87 1
44 207 1
44 208 1
44 209 1
45 10 1
45 12 2
45 22 1
45 24 1
45 41 1
45 51 1
45 66 1
45 67 1
45 83 1
45 84 1
45 85 1
45 86 1
45 87 1
45 88 1
45 89 1
46 3 1
46 9 1
46 24 1
46 25 1
46 166 1
46 167 1
46 171 1
46 173 1
48 3 1
48 9 1
48 10 1
48 12 2
48 22 1
48 24 1
48 51 1
48 66 1
48 67 1
48 74 1
48 75 1
48 76 1
48 81 1
49 1 3
49 10 1
49 12 1
49 15 1
49 16 1
49 17 1
49 21 1
49 26 1
49 27 1
49 40 1
49 45 1
49 49 2
49 52 1
49 89 1
49 105 1
49 107 1
49 109 1
49 111 1
49 112 1
49 113 1
49 114 1
50 1 1
50 3 1
50 9 1
50 12 1
50 29 1
50 48 1
50 51 1
50 74 1
50 75 1
50 76 1
50 81 1
50 102 1
50 157 1
50 169 1
50 177 2
50 196 1
50 197 1
50 198 2
50 199 1
50 200 1
50 201 1
50 202 1
50 203 1
50 204 1
50 205 1
50 206 1
