%%MatrixMarket matrix coordinate real general
50 37 114                                         
1 1 1
1 2 1
1 3 1
2 4 1
3 5 1
3 6 1
4 7 1
4 8 1
5 2 1
5 9 1
5 10 1
5 11 1
6 3 1
6 5 1
6 12 1
7 13 1
7 14 1
7 15 1
8 16 1
8 17 1
8 18 1
9 15 1
9 19 1
10 7 1
10 20 1
11 21 1
12 22 1
12 23 1
12 24 1
13 11 1
13 16 1
13 24 1
13 25 1
14 12 1
14 26 1
14 27 1
15 28 1
16 2 1
17 2 1
17 5 1
17 21 1
18 21 1
19 9 1
19 15 1
19 29 1
19 30 1
20 20 1
20 21 1
20 31 1
21 6 1
21 9 1
21 31 1
21 32 1
22 13 1
23 12 1
23 17 1
24 33 1
25 6 1
25 29 1
25 34 1
26 12 1
26 27 1
27 3 1
28 23 1
28 31 1
28 32 1
29 13 1
30 15 1
30 22 1
30 30 1
30 34 1
31 3 1
32 13 1
33 22 1
33 35 1
34 19 1
34 36 1
35 8 1
36 10 1
36 22 1
36 33 1
37 4 1
37 34 1
38 3 1
38 19 1
38 22 1
39 12 1
40 3 1
40 15 1
41 14 1
41 35 1
42 17 1
42 21 1
42 25 1
43 8 1
43 27 1
43 28 1
44 6 1
44 24 1
44 31 1
44 37 1
45 2 1
45 30 1
45 31 1
46 3 1
46 9 1
47 24 1
48 16 1
48 23 1
49 2 1
49 14 1
49 35 1
50 6 1
50 21 1
